Experiment       | Dataset | SLO Target (ms) | Avg RTT | Avg BW | Mu (SLO Penalty) | Train Accuracy | Train Latency (ms) | Test Accuracy | Avg Latency (ms) | P95 Latency (ms) | Exit Head 1 | Exit Head 3 | Exit Head Final | Split Point
------------------------------------------------------------------------------------------------------------------------------------------------------------------------------------------------------------------------------------------
A_slo_200        | fmnist  | 200.0           | 50.0    | 15.0   | 10.00            | 99.37          | 84.19              | 92.38         | 83.34            | 100.07           | 0           | 10000       | 0               | 0          
A_slo_50         | fmnist  | 50.0            | 50.0    | 15.0   | 10.00            | 99.45          | 83.87              | 92.12         | 83.56            | 99.88            | 0           | 10000       | 0               | 0          
A_slo_75         | fmnist  | 75.0            | 50.0    | 15.0   | 10.00            | 99.30          | 85.06              | 92.50         | 84.39            | 98.81            | 0           | 10000       | 0               | 0          
B_net_fast       | fmnist  | 100.0           | 10.0    | 50.0   | 10.00            | 99.41          | 38.74              | 92.01         | 36.71            | 52.95            | 0           | 10000       | 0               | 0          
B_net_impossible | fmnist  | 100.0           | 500.0   | 1.0    | 10.00            | 99.33          | 812.89             | 91.99         | 910.67           | 1349.51          | 0           | 10000       | 0               | 3          
B_net_slow       | fmnist  | 100.0           | 75.0    | 3.0    | 10.00            | 99.50          | 273.87             | 92.15         | 336.91           | 1494.57          | 0           | 10000       | 0               | 2          
C_data_cifar     | cifar10 | 100.0           | 50.0    | 15.0   | 10.00            | 91.51          | 84.46              | 86.05         | 83.22            | 97.71            | 0           | 10000       | 0               | 0          
C_data_mnist     | mnist   | 100.0           | 50.0    | 15.0   | 10.00            | 99.91          | 84.11              | 99.36         | 81.84            | 98.69            | 0           | 10000       | 0               | 0          
D_mu_1           | fmnist  | 100.0           | 50.0    | 15.0   | 2.00             | 99.42          | 84.03              | 92.38         | 82.80            | 101.04           | 0           | 10000       | 0               | 0          
D_mu_10          | fmnist  | 100.0           | 50.0    | 15.0   | 20.00            | 99.44          | 84.66              | 92.15         | 83.64            | 99.84            | 0           | 10000       | 0               | 0          
D_mu_50          | fmnist  | 100.0           | 50.0    | 15.0   | 50.00            | 99.43          | 84.04              | 92.35         | 83.52            | 99.75            | 0           | 10000       | 0               | 0          
default          | fmnist  | 100.0           | 50.0    | 15.0   | 10.00            | 99.39          | 84.81              | 92.56         | 83.13            | 100.43           | 0           | 10000       | 0               | 0          